,newlog_price,newPrice,structure,metro50,STORIES,LANDAREA,BATHRM,ROOMS,HF_BATHRM
newlog_price,1.0,0.9166364938373798,-0.07358740747859828,0.047851911572050106,0.16959849346735928,0.15846510519818055,0.4800967111876277,0.35662641730901795,0.32145650174512075
newPrice,0.9166364938373798,1.0,-0.03965556177024999,0.031082837366929968,0.19874347349612012,0.2047637023689281,0.5241585633030802,0.3890628542439324,0.34821765141190675
structure,-0.07358740747859828,-0.03965556177024999,1.0,-0.146120342971606,-0.04236086805211312,0.504764831051274,0.135535935638776,0.09477034842030387,0.09866525973603321
metro50,0.047851911572050106,0.031082837366929968,-0.146120342971606,1.0,0.014288499439456592,-0.17664438121967577,-0.0994388488994799,-0.17045033073997212,-0.10508851292492884
STORIES,0.16959849346735928,0.19874347349612012,-0.04236086805211312,0.014288499439456592,1.0,-0.02522004546902722,0.03289961946662621,0.030264934762099835,0.03072547964088602
LANDAREA,0.15846510519818055,0.2047637023689281,0.504764831051274,-0.17664438121967577,-0.02522004546902722,1.0,0.4202375718232805,0.5055803100101836,0.3056379504533471
BATHRM,0.4800967111876277,0.5241585633030802,0.135535935638776,-0.0994388488994799,0.03289961946662621,0.4202375718232805,1.0,0.6936929686284273,0.2901927246167206
ROOMS,0.35662641730901795,0.3890628542439324,0.09477034842030387,-0.17045033073997212,0.030264934762099835,0.5055803100101836,0.6936929686284273,1.0,0.3963028858649553
HF_BATHRM,0.32145650174512075,0.34821765141190675,0.09866525973603321,-0.10508851292492884,0.03072547964088602,0.3056379504533471,0.2901927246167206,0.3963028858649553,1.0
